474

1111111161111111 111 7812

hinnu-311 1 11.13111;16.1135.”ι22
mou· 5ῐῖ266

11111111111111 ΙΙ 25525 48615

1110111011ι Ι 16711 28326 3371
3ῑί72, :jusu 39212. 112944
2231 23722
27554 3374 :35:3³2 3724 4891»

22312 237211
57124 :mna 668111 6695
‹fil-z. 1114921

1110111010 ab. 1128515

winthero 1 28821»

1110111011 Ι 2142 1029 10525
10526, Π 311³ 996 144211
14926* 25522 33121 46513
47οῑ11» 4941 buum· 57:31

[Authori ι’. 1138815 4666

1110111011 p. 1 117«. 111521

Liutherius H 19126 39851

[1101110111 Π 52226

1110111010 Ι 1¹. 1:34 d ;11

Liuthsredus dux ΙΠ 715

Liuthgarth HI 1501<

Liuthild 11 4694

1110111111 1 88111 8821 1336 1405.
11 102 30321 38726 ’4615
4976

Liuthpaldus 111 4116

Liuthpranth HI w3s

Liuthpreht Π 2033 37831

Liuthram Π 4002

Linthtarht ΠΙ 3526

Liuthtarth m 10313

Linticha 11 4422

Liutigart H 10715

1111111111 Π 40824

1111111110 114053 52310

11101111 II 40624

111111111019111 9111 9821) 16316
2236. 11 24524 2845 41131
411316

1111111111» 1. 1 29021

1110111111 113081,-Ι

1111111111 1 102 2610)·ί 4566 37725
3802. 11 4362 19316 37611
388511 42426 -13222 559311

1110111111 ΙΙ 18826

1110110191 11113316

1110111144] 1 1702.
49925

11101111011 d. Π32116

1110111111 H 19431

Ι1111111·1111; Ι 25611

1110110511 1136512

[1101111111 11 3555 191111

11111111111111 1 9311412902. 1141016

1110110911 1. 129224

1110111101] 111. ΙΙ lm:

ll 35³}va

Liutnmr ΙΙ 15132 2536, 25512.

27611 42111 51422 51833

 

INDEX NOMINUM.

Liutnwre 11 58224

11101111οι1 I 3205

11111111111111 ll 2763

11111111111111 H 52046

1111110 112«. 1233 251 324*
5111 11336 11514 1496 15423
15726 15741 1674 16726
1706 20611 242211 25465
26236 26231 (2922) 30134
34116 392211. 1131124 4840
511111 04211 99215 11315 12119
12711 1691 1733189312171
23163 27521 31915 32934
3721 38930 39431* 4111)
42322 4491 4111136 47011
49013 5251 53126 5372 53923
55936 5721. 111161 6223
8116 8115 9410

111010 l. 1616

111010 111. 1113412

111010 p. 1130112 30912

111010 subd. I 1184

Liutoardus 111 785

Liutoldus ΙΙ 17146 614211

Liutoldus 1. 1156724

Liutoldus m. 1 11912

Liutols 1 2611 871 22426 3395.
119916 10332 11541 12814
17835 17925 22411 22811
23822 33112 3421) 34536
41345 4211 46912 50454
6256. 1116311

Liutolf 111. 1 2143 2171

Liutolfus 11 20136

Liutolfus dux ,1111092

11101011 1 33565

11101010 ΙΙ 420211

Lintoloh 1 4311 2462.

Liutolt 12634 312 3221 6525
871 1204 1205 1962 2194

22526 28414 297261 3016

3034 30915 33555 3514 351211

3654 3951. 1127352824 2941

3525 4426 644 10512 11122

133³ 14011 16414 17124 178314

19416 25666 26021 27114

2741 2811 30126 32435 328211

33123 33922 34811 34843

3553 37766 38326* 38911
40342 40344 405311* 40626
4091 41326 42925 43929

442211 4676 47712 49413
49814 53532 5391 56421
57211 62422 66424 675111.
111 1422 5414

1111111011, p. ΙΙ 6665

1110101111 1113712

1110101106 Ι 366

1110101106 advoc. 11613931 ¹

11101011οε cl. 1161325

⁴ Liutpald l 1204.

 

1111110110 112176

11111101· Ι 1». 134 (1εο

11 11826
53326

Liutpat I 38026

Liutperaht ΙΙ 13722

Liutperath 11 141241

Liutperht ΙΙ 16017

Liutpert 119913 10414 13712
14311)

Liutperth I 856

Liutpertus 1 9626 1823 38026.
115823 3591 3932

Liutpertus eps. 111 19

Liutpertus 1. 111 193

Liutpertus m. 1282211

Liutphireh 11 102411

(Liutphirh ΙΙ 10246)

Liutpirga 1 1476

Liutpirie 1 3924 975 13012
14114 14121

Liutpirich 1105s (bis) 1066

Liutpirih I 2192

Liutpold 111226 3062 34925

35016. 111226 15522 21923
38825 41226 4579 47019

51842* 5436 5473 55923
56025 5816 6131 6144
Liutpold p. 11442111 6136
Liutpolte 1 31432
Liutprandus 1118826 64912
Liutprant 12811) 804 1064
11916 17021 17735 2964
30925 33515 35325 38518
397114. 114229 4731 1304
16916 22616 33613 405211
41221 48432 48439 48844
50034 53512
Liutprant ab. II 12220
Liutprant 111. 121011
Liutprant p. 1132215
Liutpreht 112323 6421 2536
35631 38110 40611 4159 43424
46320 47525 49425 51443
544111 55912 57212 57821]
5795 58712
Lintpreht. subd. I 11722
Liutpret 16813 12612 15431
16511 17126 20712 26511
30833 317114 3273 3276 3402
34226 35923 36123 36230
3956 39521. 112242 6426
6813 896 9015 9715 10241
11321 11414 19421 19942
20715 2092 2245 2301 26421
26446 3033 33514 34422
36911 3834ιῆι 43020 47034
4935 4965 49831 5056 5383
56026 56314 5654 5981 6336
63316

 

Liutpret l. 1144929 45029

Liutpreb 111. 1 203111 21624.
ΙΙ 12³

Liutpret subd. 11158

Liutpreth 1 449 543. Π 16334
3835* 42723 43326 49432
4974 5022 55514 64919.
ΙΠ 3715 421

Liutpreth vicar. Π 49815

Liutprhet Π 6001

Liutpric 1 4136 9525 12632
1334 13614 1389 14830.
1112121 21115 22621 3115
313111 50063 53229

Liutprich 12921 1578. Π 1307

Liutprig Π 41833

Liutpruc III 37⁸

Liutpruch Π 41021

Liutprug II 24139

Liutpurc 13634 12826. Π37938
6121

Liutpurh 12022

Liutpuruc II 5621

Liutpurug 1 18021

Liutraht Π 21711

Liutram I 11224. 11 49735
50439 50711

Liutram m. I 21126. Π 44434

Liutrat Ι 1659

Liutrat l. Ι 28431

Liutratus II 20519

Liutrieh Π 3934 399311 51714
6141. ΠΙ 1711

Liutrichus Π 17823

Liutrih Ι 34516. Π 2729 5231

Liutrih m. 1 2052 2111

1110111110 Π 3921

Liutroeh Π 15018

Liutrod 11 1981

Liutrod 111. 122816

Liutsind I 32³* 9330 9431*
(115211) 12721 13335 13510
13533 1392 14332 14416
14925 15034 1623 17024
29923 31026 3149 31524
315311 3354 3356. Π 49
6711) 22826 32229 33935
3551 35816 37934 38312*
42632 43436 45321) 45710
4621 4659 4779 49913 50031
50826 5099 ’52715 53235
54734 56112 56339

Liutsinht I 15014

Liuttardus p. 111 918

Liutthar 111. ΠΙ 3117

1110110 Ι 1284 2922. Π 15712

Liuttolf 11 19121

Liuttolt e. 121111

Liuttram Π 3524

Liubuardus ΠΙ 9124

 

